  8.758  10.858
  8.240 -36.410
  7.824  16.371
  4.187 -19.909
  5.912 -43.954
 12.292 -82.937
 14.798 -70.374
  5.909 -26.032
 11.250 -20.076
  7.240 -43.143
  7.521  -0.915
  7.582 -80.935
  8.860  12.885
 15.304 -10.460
 14.158 -89.669
  9.549 -26.088
 13.455 -58.127
 15.793 -53.186
 11.210 -16.954
  6.549  16.307
  7.656 -71.777
  8.052 -43.503
 11.723   0.426
 11.243 -26.205
  9.512 -11.701
  7.926  23.564
  8.416  23.267
  4.089 -28.008
  7.273 -87.084
 11.103 -65.404
 14.532 -82.876
  7.130 -53.660
 14.698 -30.216
 12.520 -55.630
 14.379  -8.935
  9.502  25.156
 13.296 -44.814
  6.744 -47.456
  7.604  -9.628
 12.628 -22.085
 13.894 -43.127
 13.825  11.281
  6.166  23.208
  9.099 -27.520
  4.788  19.621
 14.591   1.364
  8.787  -7.409
 13.139 -41.399
  5.503 -31.844
  6.670  14.775
 10.346 -89.830
 14.326 -87.756
 13.779 -60.854
  7.775  25.888
 15.227   7.132
  9.905 -63.584
 10.916 -55.317
  7.853 -58.641
  6.088 -89.782
  4.537 -61.059
  8.985  -5.805
  6.662 -29.531
  4.804 -42.832
  9.754 -63.823
  6.634  19.944
  8.203 -66.877
  6.535 -13.958
  4.643   4.009
  4.368 -36.708
  6.117  21.862
 14.916 -33.259
 14.460  -6.532
 15.162 -35.389
  8.783  17.196
 12.323  10.648
 12.876 -11.848
 12.138 -20.735
  7.277  22.247
 11.943 -84.310
  8.476 -15.817
  5.784 -44.723
 11.735 -86.917
 14.097 -80.758
 12.912 -59.282
 14.822 -44.682
  7.834 -64.628
 11.782 -59.842
  6.744 -59.889
 15.319 -73.594
  7.241 -24.155
  7.888  13.810
  7.560  -8.393
 13.998  15.157
 11.796 -81.226
 14.783 -59.570
 11.336  11.027
 13.984 -45.290
 13.085 -76.894
 14.210 -22.880
 14.291 -48.828
 12.301 -48.576
 14.723  25.045
  5.461  27.785
  4.660 -16.227
  4.458 -44.823
 10.307 -56.169
 10.726 -17.131
 13.797 -36.416
  4.325 -33.378
  7.419 -54.873
  6.348 -87.890
 13.955 -21.220
  5.257  -2.043
  5.429 -63.133
 15.367  -1.314
 13.856   9.136
  7.012 -59.221
  8.058 -43.413
 10.328 -58.031
  8.815  14.507
  4.551 -54.651
  8.731 -22.800
  7.730   8.709
  9.706 -79.063
  7.149  20.045
 15.741 -50.149
 14.825 -61.124
  8.478   0.274
  9.494  18.075
  9.075 -22.089
 15.646 -47.535
  9.178 -68.509
  6.584 -49.539
  9.452 -84.633
 12.207 -82.542
 10.617 -52.059
  7.219 -29.908
  4.750  25.779
 12.755   6.758
  5.824  -5.398
 12.759  11.108
 11.415  24.654
  9.753 -26.750
  4.353 -17.087
  4.571 -18.868
  8.832  18.527
  7.962 -52.700
 14.259  -1.902
  5.184 -49.145
  8.821  28.220
 11.555   9.835
  9.245   4.947
  4.714 -73.784
 10.526  21.654
 14.619 -43.213
  8.975  12.824
  7.441 -77.069
 10.920   3.312
  5.707   7.041
 12.977 -40.797
  9.701 -48.665
  9.002 -87.162
 10.310  -3.853
  6.832  -6.616
 13.359   1.530
  5.459 -45.538
 15.139   1.921
  7.475  28.039
  9.137 -85.462
 11.180 -88.129
 13.081 -74.319
  8.495 -63.900
 10.934 -65.320
 13.444  -0.196
  9.464 -55.768
 14.203 -35.999
 14.020 -38.370
  7.972  24.105
  6.986 -47.185
  9.014 -30.354
 14.624 -22.420
 12.226  26.131
  6.188 -21.863
  4.356 -65.525
  5.893 -24.289
  6.448 -64.646
  4.808 -66.828
 14.818   3.846
  7.631 -39.359
 15.874   5.654
  8.650 -68.167
  6.697  -1.514
 10.402 -10.232
  6.422 -33.741
 10.798 -78.304
  7.324 -87.923
 10.767  16.433
  4.842 -82.557
  7.040 -53.152
 14.760 -73.911
 15.373 -38.465
  4.938   4.040
  9.324 -39.458
 12.423 -67.222
  5.515 -60.233
 11.895 -73.499
  7.873   8.702
  4.166  20.845
  8.516 -20.152
  7.136 -40.355
 12.252   0.447
  6.056 -74.495
  5.908 -54.869
 14.291 -56.535
 12.261  10.667
 13.780 -84.166
  4.875 -38.283
 12.998 -71.765
  8.947 -77.698
 13.133 -12.986
 12.819 -24.310
  5.199  -2.121
 10.346 -27.663
  7.438  23.678
  9.114 -30.685
 12.430 -59.013
 13.736  15.652
  4.014 -77.148
  7.279  28.078
  8.333   8.016
 14.263 -55.270
 15.994 -88.949
  4.765  26.123
 12.198 -53.813
 12.705  20.830
 11.788  19.892
 10.433  27.201
  6.802 -39.773
 10.983   3.636
  6.402  18.126
